{
 "cells": [
  {
   "cell_type": "code",
   "execution_count": 1,
   "id": "37f692b4",
   "metadata": {},
   "outputs": [],
   "source": [
    "import os\n",
    "import codecs\n",
    "import shutil\n",
    "import linecache\n",
    "import pandas as pd\n",
    "import numpy as np\n",
    "\n",
    "\n",
    "import torch\n",
    "import torch.utils.data as Data\n",
    "torch.set_printoptions(precision=15)\n",
    "# torch.set_default_tensor_type(torch.DoubleTensor)\n",
    "\"\"\"计算四元数转旋转矩阵\"\"\"\n",
    "def q2rot(qMat):\n",
    "# qMat格式  qw qx qy qz\n",
    "    w = qMat[0]\n",
    "    x = qMat[1]\n",
    "    y = qMat[2]\n",
    "    z = qMat[3]\n",
    "#     rotMat = [[1-2*y**2-2*z**2,2*x*y+2*w*z,2*x*z-2*w*y],\n",
    "#               [2*x*y-2*w*z,1-2*x**2-2*z**2,2*y*z+2*w*x],\n",
    "#               [2*x*z+2*w*y,2*y*z-2*w*x+1-2*x**2-2*y**2]]\n",
    "    \n",
    "    \n",
    "    rotMat = np.mat([[1-2*y**2-2*z**2,2*x*y-2*w*z,2*x*z+2*w*y],\n",
    "              [2*x*y+2*w*z,1-2*x**2-2*z**2,2*y*z-2*w*x],\n",
    "              [2*x*z-2*w*y,2*y*z+2*w*x,1-2*x**2-2*y**2]])\n",
    "    return rotMat\n",
    "\n",
    "\"\"\"通过四元数，平移矩阵获得奇次矩阵\"\"\"\n",
    "def q2homoRot(qMat,qTrans):\n",
    "# qMat格式  qw qx qy qz\n",
    "# qTrans格式 x y z\n",
    "    qw = qMat[0]\n",
    "    qx = qMat[1]\n",
    "    qy = qMat[2]\n",
    "    qz = qMat[3]\n",
    "    x = qTrans[0]\n",
    "    y = qTrans[1]\n",
    "    z = qTrans[2]\n",
    "    \n",
    "    \n",
    "#     rotMat = [[1-2*y**2-2*z**2,2*x*y+2*w*z,2*x*z-2*w*y],\n",
    "#               [2*x*y-2*w*z,1-2*x**2-2*z**2,2*y*z+2*w*x],\n",
    "#               [2*x*z+2*w*y,2*y*z-2*w*x+1-2*x**2-2*y**2]]\n",
    "    \n",
    "    \n",
    "    rotMat = np.mat([\n",
    "              [1-2*qy**2-2*qz**2,  2*qx*qy-2*qw*qz,   2*qx*qz+2*qw*qy,  x],\n",
    "              [2*qx*qy+2*qw*qz,    1-2*qx**2-2*qz**2, 2*qy*qz-2*qw*qx,  y],\n",
    "              [2*qx*qz-2*qw*qy,    2*qy*qz+2*qw*qx,   1-2*qx**2-2*qy**2,z],\n",
    "              [0,                   0,                  0,                 1]\n",
    "    ])\n",
    "    return rotMat\n",
    "\n"
   ]
  },
  {
   "cell_type": "code",
   "execution_count": 3,
   "id": "b03af833",
   "metadata": {},
   "outputs": [],
   "source": [
    "bPath = \"/home/vr717/Documents/qys/code/pointnerf/data_src\"\n",
    "dirPath = bPath + \"/guanZi169_scannetAll\"\n",
    "filePath = dirPath + \"/sparse/0/images.txt\"\n",
    "imgPath = dirPath + \"/images\"\n",
    "posePath = dirPath + \"/pose\"\n",
    "\n",
    "# bPath = \"/home/vr717/Documents/qys/code/pointnerfOri/pointnerf/data_src\"\n",
    "# dirPath = bPath + \"/TanksAndTemple/truckForColmap\"\n",
    "# filePath = dirPath + \"/sparse/0/images.txt\"\n",
    "# imgPath = dirPath + \"/images\"\n",
    "# posePath = dirPath + \"/pose\""
   ]
  },
  {
   "cell_type": "code",
   "execution_count": null,
   "id": "fc55adf6",
   "metadata": {},
   "outputs": [],
   "source": [
    "# 把数据集计算完之后写到Log文件中\n",
    "\n"
   ]
  },
  {
   "cell_type": "code",
   "execution_count": 3,
   "id": "9ab41355",
   "metadata": {},
   "outputs": [],
   "source": [
    "\"\"\"\n",
    "修改自己数据集的images的name\n",
    "\"\"\"\n",
    "\n",
    "# 每隔十个选一个测试集\n",
    "imgListOri = os.listdir(imgPath)\n",
    "\n",
    "counter = 0\n",
    "trainCounter = 0\n",
    "valCounter = 0\n",
    "\n",
    "for img in imgListOri:\n",
    "    counter = counter+1\n",
    "    \n",
    "    if (counter%10) ==0:\n",
    "        \n",
    "        newName =str(f'1_{int(valCounter):04}_{int(valCounter):08}.jpg')\n",
    "        \n",
    "        src =  os.path.join(imgPath,img)\n",
    "        dst = os.path.join(imgPath,newName)\n",
    "        try:\n",
    "            os.rename(src,dst)\n",
    "            valCounter +=1\n",
    "        except:\n",
    "            print(\"error\")\n",
    "    else:\n",
    "        \n",
    "        newName =str(f'0_{int(trainCounter):04}_{int(trainCounter):08}.jpg')\n",
    "        \n",
    "        src =  os.path.join(imgPath,img)\n",
    "        dst = os.path.join(imgPath,newName)\n",
    "        try:\n",
    "            os.rename(src,dst)\n",
    "            trainCounter +=1\n",
    "        except:\n",
    "            print(\"error\")\n",
    "    \n",
    "    "
   ]
  },
  {
   "cell_type": "code",
   "execution_count": 4,
   "id": "77c0a6fa",
   "metadata": {
    "scrolled": true
   },
   "outputs": [
    {
     "name": "stdout",
     "output_type": "stream",
     "text": [
      "60\n",
      "60\n",
      "finalpos tensor([[ 0.028687382947881],\n",
      "        [-2.546916594320991],\n",
      "        [ 2.120973080525173]], dtype=torch.float64)\n",
      "finalpos tensor([[ 1.260950737351597],\n",
      "        [ 3.005523234319030],\n",
      "        [-2.819268385447171]], dtype=torch.float64)\n",
      "finalpos tensor([[-2.251139160680842],\n",
      "        [-1.837940183746875],\n",
      "        [ 3.272798710875968]], dtype=torch.float64)\n",
      "finalpos tensor([[ 1.964810247316686],\n",
      "        [ 2.836515077144254],\n",
      "        [-2.511401429213246]], dtype=torch.float64)\n",
      "finalpos tensor([[ 2.098175785832359],\n",
      "        [ 2.913323634219819],\n",
      "        [-2.612637417457224]], dtype=torch.float64)\n",
      "finalpos tensor([[-1.953956133841934],\n",
      "        [ 0.404962341160665],\n",
      "        [-1.084019354170492]], dtype=torch.float64)\n",
      "finalpos tensor([[ 3.781559129512096],\n",
      "        [ 1.791647377711796],\n",
      "        [-1.098916790178817]], dtype=torch.float64)\n",
      "finalpos tensor([[-2.835780245148686],\n",
      "        [ 2.323959553139239],\n",
      "        [-2.298353843318774]], dtype=torch.float64)\n",
      "finalpos tensor([[-4.083879453369982],\n",
      "        [-1.076818043135245],\n",
      "        [ 1.840239657709131]], dtype=torch.float64)\n",
      "finalpos tensor([[-2.179893480498968],\n",
      "        [-1.535771253714226],\n",
      "        [ 2.041239199813897]], dtype=torch.float64)\n",
      "finalpos tensor([[ 1.271664656631006],\n",
      "        [-1.956756911146110],\n",
      "        [ 3.337672230851656]], dtype=torch.float64)\n",
      "finalpos tensor([[-3.102925260051599],\n",
      "        [ 0.076384338441482],\n",
      "        [ 1.244275945808335]], dtype=torch.float64)\n",
      "finalpos tensor([[-0.933897708870807],\n",
      "        [ 1.005820049419137],\n",
      "        [-2.056905531003110]], dtype=torch.float64)\n",
      "finalpos tensor([[-2.186524530406917],\n",
      "        [-2.151638673345253],\n",
      "        [ 1.127746424670488]], dtype=torch.float64)\n",
      "finalpos tensor([[-2.884203510408863],\n",
      "        [ 1.647888188774257],\n",
      "        [-1.006911125979073]], dtype=torch.float64)\n",
      "finalpos tensor([[-3.762772264530616],\n",
      "        [ 0.562645968582809],\n",
      "        [-0.131666189087131]], dtype=torch.float64)\n",
      "finalpos tensor([[ 3.207262481968709],\n",
      "        [-0.880112696114240],\n",
      "        [ 0.061738725619500]], dtype=torch.float64)\n",
      "finalpos tensor([[ 0.434310697222789],\n",
      "        [ 1.391242338690254],\n",
      "        [-2.223939078155212]], dtype=torch.float64)\n",
      "finalpos tensor([[-1.971331843831222],\n",
      "        [ 2.313181110208334],\n",
      "        [-1.741691342853825]], dtype=torch.float64)\n",
      "finalpos tensor([[ 2.475093059800778],\n",
      "        [ 0.336539051629622],\n",
      "        [-1.248788007769945]], dtype=torch.float64)\n",
      "finalpos tensor([[-0.828140126869886],\n",
      "        [ 2.716545898811576],\n",
      "        [-2.344744541956223]], dtype=torch.float64)\n",
      "finalpos tensor([[-2.764282592162974],\n",
      "        [-1.383258533006389],\n",
      "        [ 1.754231448566265]], dtype=torch.float64)\n",
      "finalpos tensor([[-3.307369673450379],\n",
      "        [-0.674679446327552],\n",
      "        [ 1.912194825384563]], dtype=torch.float64)\n",
      "finalpos tensor([[ 0.359365170027763],\n",
      "        [-2.220977306286051],\n",
      "        [ 3.735984455896069]], dtype=torch.float64)\n",
      "finalpos tensor([[ 2.907085597751751],\n",
      "        [-1.727072699530359],\n",
      "        [ 1.306953317382206]], dtype=torch.float64)\n",
      "finalpos tensor([[-1.228052327334074],\n",
      "        [ 1.390223690380227],\n",
      "        [-2.341312693288069]], dtype=torch.float64)\n",
      "finalpos tensor([[-1.137038319405877],\n",
      "        [ 2.686517178264591],\n",
      "        [-1.923556553915007]], dtype=torch.float64)\n",
      "finalpos tensor([[-4.234511307144078],\n",
      "        [ 0.501448671876469],\n",
      "        [-0.364596169506574]], dtype=torch.float64)\n",
      "finalpos tensor([[4.302269501546540],\n",
      "        [0.184157631600807],\n",
      "        [0.680198061764272]], dtype=torch.float64)\n",
      "finalpos tensor([[ 4.498102288067335],\n",
      "        [-0.738043870628577],\n",
      "        [ 1.547715957223732]], dtype=torch.float64)\n",
      "finalpos tensor([[ 2.392085042611549],\n",
      "        [-1.657022016383236],\n",
      "        [ 2.921047152077114]], dtype=torch.float64)\n",
      "finalpos tensor([[ 2.965215362417523],\n",
      "        [ 2.474138483379990],\n",
      "        [-2.099203517975960]], dtype=torch.float64)\n",
      "finalpos tensor([[ 3.009579105643367],\n",
      "        [ 0.442361059676093],\n",
      "        [-1.490359143812756]], dtype=torch.float64)\n",
      "finalpos tensor([[-3.297037587392117],\n",
      "        [ 1.159566160881097],\n",
      "        [-0.622892174494511]], dtype=torch.float64)\n",
      "finalpos tensor([[ 1.422454769952116],\n",
      "        [-2.198629923903233],\n",
      "        [ 1.850961293809957]], dtype=torch.float64)\n",
      "finalpos tensor([[ 1.088178695886510],\n",
      "        [-2.321853478760306],\n",
      "        [ 1.721244352980086]], dtype=torch.float64)\n",
      "finalpos tensor([[ 3.539360152176508],\n",
      "        [-0.578986744378030],\n",
      "        [ 2.008602619898098]], dtype=torch.float64)\n",
      "finalpos tensor([[-3.964483038159469],\n",
      "        [ 0.780559153600990],\n",
      "        [-0.741846742423233]], dtype=torch.float64)\n",
      "finalpos tensor([[4.114730735174988],\n",
      "        [0.989750026448514],\n",
      "        [0.014368345690857]], dtype=torch.float64)\n",
      "finalpos tensor([[ 2.360646063832252],\n",
      "        [-2.013342148064731],\n",
      "        [ 1.543981293328193]], dtype=torch.float64)\n",
      "finalpos tensor([[ 3.542328753249980],\n",
      "        [ 2.032024905402454],\n",
      "        [-1.861693026810158]], dtype=torch.float64)\n",
      "finalpos tensor([[ 1.002887146274437],\n",
      "        [ 1.180368794954574],\n",
      "        [-3.758389221526516]], dtype=torch.float64)\n",
      "finalpos tensor([[-0.442914371503984],\n",
      "        [-1.977675866397527],\n",
      "        [ 3.598742299503722]], dtype=torch.float64)\n",
      "finalpos tensor([[ 3.203212424498513],\n",
      "        [-1.216169957077270],\n",
      "        [ 0.507006616742277]], dtype=torch.float64)\n",
      "finalpos tensor([[ 1.870816614949399],\n",
      "        [ 1.174969981211529],\n",
      "        [-2.184844875074343]], dtype=torch.float64)\n",
      "finalpos tensor([[-0.075610090554497],\n",
      "        [ 2.984207914479082],\n",
      "        [-2.642850455751771]], dtype=torch.float64)\n",
      "finalpos tensor([[ 1.977297978077693],\n",
      "        [ 0.976818696454817],\n",
      "        [-1.882365192917322]], dtype=torch.float64)\n",
      "finalpos tensor([[ 0.790730696439612],\n",
      "        [-2.011278076195020],\n",
      "        [ 3.397303063804401]], dtype=torch.float64)\n",
      "finalpos tensor([[-0.583087599419761],\n",
      "        [-2.487507688421924],\n",
      "        [ 1.826538196243436]], dtype=torch.float64)\n",
      "finalpos tensor([[ 2.685505065919136],\n",
      "        [-1.129257262200423],\n",
      "        [ 2.974672871918398]], dtype=torch.float64)\n",
      "finalpos tensor([[-0.549721705242857],\n",
      "        [-1.613672459127386],\n",
      "        [ 2.480507498375097]], dtype=torch.float64)\n",
      "finalpos tensor([[-3.603532454198162],\n",
      "        [-0.319418600637278],\n",
      "        [ 0.748379437182262]], dtype=torch.float64)\n",
      "finalpos tensor([[-2.685604812185106],\n",
      "        [-1.054934115082553],\n",
      "        [ 0.038294784455590]], dtype=torch.float64)\n",
      "finalpos tensor([[-3.452641141780017],\n",
      "        [ 1.679010790614558],\n",
      "        [-1.434153236223780]], dtype=torch.float64)\n",
      "finalpos tensor([[ 0.425105130654294],\n",
      "        [ 1.798546650142337],\n",
      "        [-3.981937800103260]], dtype=torch.float64)\n",
      "finalpos tensor([[-3.528775648629271],\n",
      "        [-0.726038025272908],\n",
      "        [ 1.040584405225983]], dtype=torch.float64)\n",
      "finalpos tensor([[-2.550263133051244],\n",
      "        [-1.105379155116599],\n",
      "        [ 2.577292540278492]], dtype=torch.float64)\n",
      "finalpos tensor([[ 0.266692506803737],\n",
      "        [ 3.238904010939314],\n",
      "        [-3.017729187864737]], dtype=torch.float64)\n",
      "finalpos tensor([[ 3.061237560056025],\n",
      "        [-0.489424503335599],\n",
      "        [-0.584190829901130]], dtype=torch.float64)\n",
      "finalpos tensor([[ 2.201140494599019],\n",
      "        [-1.450041220397653],\n",
      "        [ 3.026751262895259]], dtype=torch.float64)\n",
      "[-4.234511307144078, -2.5469165943209915, -3.9819378001032604, 4.498102288067335, 3.238904010939314, 3.735984455896069]\n"
     ]
    }
   ],
   "source": [
    "\"\"\"\n",
    "读取colmap 进行旋转矩阵 输出最大值最小值\n",
    "\"\"\" \n",
    "\n",
    "\n",
    "\n",
    "imgNum = len(os.listdir(imgPath))\n",
    "print(imgNum)\n",
    "\n",
    "df = pd.read_table(filePath)\n",
    "\n",
    "rawDf = []\n",
    "nameList = []\n",
    "Df = []\n",
    "qMat = []\n",
    "\n",
    "for i in range(imgNum):\n",
    "    line = df.loc[i*2 + 3].values[0]\n",
    "    rawDf.append(line)\n",
    "print(len(rawDf))\n",
    "\n",
    "\n",
    "postList = [] #存有每个图片的位姿信息\n",
    "\n",
    "xList = []\n",
    "yList = []\n",
    "zList = []\n",
    "\n",
    "for i in rawDf:\n",
    "    line = i.split(' ')\n",
    "    Df.append(line)\n",
    "    nameList.append(line[-1])\n",
    "        \n",
    "    qMat = []\n",
    "    qTrans = []\n",
    "    for i in line[1:5]:\n",
    "        qMat.append(float(i))\n",
    "    for i in line[5:8]:\n",
    "        qTrans.append(float(i))\n",
    "    \n",
    "    w2per = q2homoRot(qMat,qTrans)\n",
    "    #转置 计算成相机到世界的\n",
    "\n",
    "    testMat = torch.tensor(w2per)\n",
    "\n",
    "    tra = testMat[:3,:3]\n",
    "    pos = testMat[:3,3].reshape(3,1)\n",
    "    \n",
    "    invMat = torch.transpose(tra,0,1)\n",
    "#     print((-1*invMat).shape)\n",
    "#     print((-1*invMat))\n",
    "    \n",
    "#     print(pos.shape)\n",
    "#     print(pos)\n",
    "\n",
    "# # 左手席右手系转换\n",
    "#     le2ri = torch.tensor([[1,0,0],[0,1,0],[0,0,-1]])\n",
    "#     invMat = torch.mm(le2ri.to(torch.float64),invMat)\n",
    "    \n",
    "    finalPos =torch.mm((-1*invMat),pos.to(torch.float64))\n",
    "    print(\"finalpos\",finalPos)\n",
    "    \n",
    "    \n",
    "    \n",
    "    tem = torch.cat((invMat,finalPos),1)\n",
    "    finalMat = torch.cat((tem,torch.tensor([[0,0,0,1]])),0)\n",
    "#     print(finalMat)\n",
    "    postList.append(finalMat)\n",
    "    \n",
    "    \n",
    "    \n",
    "\n",
    "os.makedirs(posePath, exist_ok=True)\n",
    "for ind in range(len(postList)):\n",
    "    txtName = nameList[ind].split('.')[0] + \".txt\"\n",
    "    with codecs.open( os.path.join(posePath,txtName), 'w','gb18030') as f:\n",
    "        temList = postList[ind].tolist()\n",
    "        xList.append(temList[0][-1])\n",
    "        yList.append(temList[1][-1])\n",
    "        zList.append(temList[2][-1])\n",
    "        for item in temList:\n",
    "#             print(item)\n",
    "            temLine  = ' '.join(str(i) for i in item)\n",
    "            temLine = temLine + \"\\n\"\n",
    "            f.write(temLine)\n",
    "\n",
    "\n",
    "bbox = [min(xList),min(yList),min(zList),max(xList),max(yList),max(zList)]\n",
    "print(bbox)        \n",
    "            \n",
    "    \n",
    "    \n",
    "    \n",
    "    \n",
    "    \n",
    "# print(\"*******\")\n",
    "# # 写入文件 位姿信息\n",
    "# with codecs.open(f\"./test.txt\", 'w','gb18030') as f:\n",
    "# #                 for da in postList[0]:\n",
    "# #                 [int(x) for item in list_1 for x in item]\n",
    "#                 temList = postList[0].tolist()\n",
    "#                 for item in temList:\n",
    "#                     print(item)\n",
    "#                     temLine  = ' '.join(str(i) for i in item)\n",
    "#                     temLine = temLine + \"\\n\"\n",
    "#                     f.write(temLine)\n",
    "# #                 list_2 = [int(x) for item in postList[0] for x in item]\n",
    "# #                 temlist = ' '.join(str(i) for i in list_2)\n",
    "# #                 f.write(temlist)\n",
    "\n",
    "# nameList\n",
    "# test = pd.DataFrame(rawDf)\n",
    "# print(test.iloc[:,-1])\n",
    "\n",
    "\n",
    "\n",
    "\n"
   ]
  },
  {
   "cell_type": "code",
   "execution_count": 47,
   "id": "b8eab409",
   "metadata": {},
   "outputs": [
    {
     "name": "stdout",
     "output_type": "stream",
     "text": [
      "240\n"
     ]
    }
   ],
   "source": [
    "# /**\n",
    "#     专门用于计算原本位姿和现在的位姿 truck\n",
    "# **/\n",
    "\n",
    "\"\"\"\n",
    "读取colmap 进行旋转矩阵 输出最大值最小值\n",
    "\"\"\" \n",
    "\n",
    "\n",
    "import os\n",
    "import codecs\n",
    "import shutil\n",
    "import linecache\n",
    "from tokenize import Double, Double3\n",
    "\n",
    "basepath = \"/home/vr717/Documents/qys/code/pointnerf/data_src/TanksAndTemple/Truck_oriImg_ownPose\"\n",
    "imgPath = basepath + \"/images\"\n",
    "logPath = basepath + \"/Truck_COLMAP_SfM.log\"\n",
    "def getNameList(path):\n",
    "    # os.listdir()方法获取文件夹名字，返回数组\n",
    "    file_name_list = os.listdir(path)\n",
    "\n",
    "    returnList = []\n",
    "    print(len(file_name_list))\n",
    "    for item in file_name_list:\n",
    "        temList = item.split('.')\n",
    "        # print(type(fuck))\n",
    "        \n",
    "        \n",
    "        fuck = temList[0].split('_')\n",
    "#         print(fuck[2])\n",
    "        returnList.append(int(fuck[2]))\n",
    "    \n",
    "    nameList = [x.split('.')[0] for x in file_name_list]\n",
    "    return nameList,returnList   \n",
    "\n",
    "# def setTrainPos(path):\n",
    "    \n",
    "#     file_name_list = os.listdir(path)\n",
    "#     with open(\"./Truck_COLMAP_SfM.log\", 'r') as fp:\n",
    "#         lines = fp.readlines()\n",
    "#         # last_line = lines[-1]\n",
    "    \n",
    "#         for item in file_name_list:\n",
    "#             name = item.split('.')\n",
    "            \n",
    "#             temList = name[0].split('_')\n",
    "#             var = temList[2].lstrip('0')\n",
    "#             ind = int(var)\n",
    "#             data = []\n",
    "\n",
    "#             for i in range(1,5):\n",
    "#                 data.append(lines[(ind-1)*5+i])\n",
    "#                 # print(data)\n",
    "#             #将读取数据保存新文件中\n",
    "#             # print(lines)\n",
    "#             with codecs.open(f\"./pose/{name[0]}.txt\", 'w','gb18030') as f:\n",
    "#                 for da in data:\n",
    "#                     f.write(da)\n",
    "\n",
    "        \n",
    "# # 修改图片名称\n",
    "\n",
    "# def renameTrain():\n",
    "#     # path = \"/home/vr717/Documents/qys/code/pointnerf/data_src/TanksAndTemple/Truck/imgs\"\n",
    "#     # basepath = \"/home/vr717/Documents/qys/code/pointnerf/data_src/TanksAndTemple/Truck\"\n",
    "#     # imgPath = basepath + \"/imgs\"\n",
    "    \n",
    "#     file_name_list = os.listdir(path)\n",
    "#     returnList = []\n",
    "#     print(len(file_name_list))\n",
    "#     counter = 0;\n",
    "#     for item in file_name_list:\n",
    "#         temList = item.split('.')\n",
    "#         # print(type(fuck))\n",
    "#         fuck = temList[0].lstrip('0')\n",
    "#         src =  os.path.join(imgPath,item)\n",
    "#         print(fuck)\n",
    "#         newName =str(f'0_{int(counter):04}_{int(fuck):08}.jpg')\n",
    "#         dst = os.path.join(imgPath,newName)\n",
    "#         counter = counter + 1\n",
    "#         try:\n",
    "#             # shutil.copy(src,dst)\n",
    "#             os.rename(src, dst)\n",
    "#             # print ('converting %s to %s ...' % (item, newName))\n",
    "#         except:\n",
    "#             print ('erroraaa') \n",
    "#             print ('converting %s to %s ...' % (src, dst))\n",
    "#             continue\n",
    "        \n",
    "\n",
    "\n",
    "\n",
    "fullName,indName =  getNameList(imgPath)\n",
    "\n",
    " \n",
    "with open(logPath, 'r') as fp:\n",
    "    lines = fp.readlines()\n",
    "    # last_line = lines[-1]\n",
    "    \n",
    "    for i in range(len(indName)):\n",
    "        data = []\n",
    "        for ind in range(1,5):\n",
    "            data.append(lines[(indName[i]-1)*5+ind])\n",
    "            # print(data)\n",
    "        #将读取数据保存新文件中\n",
    "        with codecs.open(basepath+\"/pose/\"+fullName[i]+\".txt\", 'w','gb18030') as f:\n",
    "            for da in data:\n",
    "                f.write(da)\n",
    "    \n",
    "#     for item in file_name_list:\n",
    "#         name = item.split('.')\n",
    "\n",
    "#         temList = name[0].split('_')\n",
    "#         var = temList[2].lstrip('0')\n",
    "#         ind = int(var)\n",
    "#         data = []\n",
    "\n",
    "#         for i in range(1,5):\n",
    "#             data.append(lines[(ind-1)*5+i])\n",
    "#             # print(data)\n",
    "#         #将读取数据保存新文件中\n",
    "#         # print(lines)\n",
    "#         with codecs.open(f\"./pose/{name[0]}.txt\", 'w','gb18030') as f:\n",
    "#             for da in data:\n",
    "#                 f.write(da)\n",
    "\n"
   ]
  },
  {
   "cell_type": "code",
   "execution_count": 5,
   "id": "7bf8d65d",
   "metadata": {
    "scrolled": true
   },
   "outputs": [
    {
     "name": "stdout",
     "output_type": "stream",
     "text": [
      "w2per [[-0.96296216 -0.07921939 -0.25773661  0.38664304]\n",
      " [-0.13909085  0.96481585  0.22312353 -0.49918737]\n",
      " [ 0.23099266  0.25070833 -0.94009985  3.39399742]\n",
      " [ 0.          0.          0.          1.        ]]\n",
      "finalpos tensor([[-0.481098268645079],\n",
      "        [-0.338649898002017],\n",
      "        [ 3.401728983139672]], dtype=torch.float64)\n",
      "finalMat\n",
      "tensor([[-0.962962162503667, -0.139090849047714,  0.230992660700394,\n",
      "         -0.481098268645079],\n",
      "        [-0.079219387450064,  0.964815849960149,  0.250708325186286,\n",
      "         -0.338649898002017],\n",
      "        [-0.257736614081698,  0.223123533892913, -0.940099849156907,\n",
      "          3.401728983139672],\n",
      "        [ 0.000000000000000,  0.000000000000000,  0.000000000000000,\n",
      "          1.000000000000000]], dtype=torch.float64)\n"
     ]
    }
   ],
   "source": [
    "# 0.99919874556140409 0.0033690331097773383 0.039609401771154497 -0.0046488467121345465 -1.227935238366261 -0.46258417578522382 3.9303967943567\n",
    "\n",
    "#   找第90张\n",
    "# 83 -0.12425159787662125 -0.055501884411909404 0.9833460557734397 0.1204641683101355 0.38664304350701489 -0.49918736954556303 3.3939974218075579 1 \n",
    "\n",
    "line = [-0.12425159787662125,-0.055501884411909404,0.9833460557734397,0.1204641683101355,0.38664304350701489,-0.49918736954556303,3.3939974218075579]\n",
    "\n",
    "qMat = []\n",
    "qTrans = []\n",
    "for i in line[0:4]:\n",
    "    qMat.append(float(i))\n",
    "for i in line[4:7]:\n",
    "    qTrans.append(float(i))\n",
    "\n",
    "w2per = q2homoRot(qMat,qTrans)\n",
    "\n",
    "print(\"w2per\",w2per)\n",
    "\n",
    "#转置 计算成相机到世界的\n",
    "\n",
    "testMat = torch.tensor(w2per)\n",
    "\n",
    "tra = testMat[:3,:3]\n",
    "pos = testMat[:3,3].reshape(3,1)\n",
    "\n",
    "invMat = torch.transpose(tra,0,1)\n",
    "#     print((-1*invMat).shape)\n",
    "#     print((-1*invMat))\n",
    "\n",
    "#     print(pos.shape)\n",
    "#     print(pos)\n",
    "\n",
    "finalPos =torch.mm((-1*invMat),pos.to(torch.float64))\n",
    "print(\"finalpos\",finalPos)\n",
    "tem = torch.cat((invMat,finalPos),1)\n",
    "finalMat = torch.cat((tem,torch.tensor([[0,0,0,1]])),0)\n",
    "\n",
    "print(\"finalMat\")\n",
    "print(finalMat)\n"
   ]
  },
  {
   "cell_type": "code",
   "execution_count": 6,
   "id": "fcae893f",
   "metadata": {},
   "outputs": [],
   "source": [
    "\n",
    "def computeDis(vec1,vec2):\n",
    "    \n",
    "    temSum = 0;\n",
    "    for i in range(3):\n",
    "        temSum = temSum + (vec1[i]-vec2[i])**2\n",
    "    print(pow(temSum,0.5))"
   ]
  },
  {
   "cell_type": "code",
   "execution_count": 3,
   "id": "8e6db758",
   "metadata": {},
   "outputs": [
    {
     "name": "stdout",
     "output_type": "stream",
     "text": [
      "w2per [[ 0.9997235   0.01375976 -0.01906786 -0.63373443]\n",
      " [-0.01583704  0.99341596 -0.11346326 -0.69215383]\n",
      " [ 0.01738109  0.11373386  0.9933592   3.20386944]\n",
      " [ 0.          0.          0.          1.        ]]\n",
      "finalpos tensor([[ 0.566910794734798],\n",
      "        [ 0.331928249962169],\n",
      "        [-3.273211175082762]], dtype=torch.float64)\n",
      "finalMat\n",
      "tensor([[ 0.999723504679122, -0.015837044675734,  0.017381087653879,\n",
      "          0.566910794734798],\n",
      "        [ 0.013759759274674,  0.993415963980155,  0.113733862741410,\n",
      "          0.331928249962169],\n",
      "        [-0.019067858212081, -0.113463256278487,  0.993359203036790,\n",
      "         -3.273211175082762],\n",
      "        [ 0.000000000000000,  0.000000000000000,  0.000000000000000,\n",
      "          1.000000000000000]], dtype=torch.float64)\n",
      "w2per [[-0.88371305 -0.04293334  0.46605577  0.00611565]\n",
      " [ 0.09130413  0.9608373   0.26163953 -1.02526648]\n",
      " [-0.45903683  0.27376708 -0.84518446  5.00161209]\n",
      " [ 0.          0.          0.          1.        ]]\n",
      "finalpos tensor([[ 2.394939681789332],\n",
      "        [-0.383899911623457],\n",
      "        [ 4.492684835521095]], dtype=torch.float64)\n",
      "finalMat\n",
      "tensor([[-0.883713046233258,  0.091304132793841, -0.459036825594528,\n",
      "          2.394939681789332],\n",
      "        [-0.042933344186507,  0.960837297567586,  0.273767082681575,\n",
      "         -0.383899911623457],\n",
      "        [ 0.466055769059991,  0.261639528622458, -0.845184463409094,\n",
      "          4.492684835521095],\n",
      "        [ 0.000000000000000,  0.000000000000000,  0.000000000000000,\n",
      "          1.000000000000000]], dtype=torch.float64)\n",
      "得出结论，旋转矩阵转置，pos左乘（-1*转置)\n"
     ]
    }
   ],
   "source": [
    "\n",
    "#  90 和 94\n",
    "# -0.025848994209229089 -0.050048370620630674 0.98890541646295249 0.13745205486578174 -0.17104078381996965 -0.64183031694857873 2.9903614494473065 1 000092.jpg\n",
    "lines = [\n",
    "    [0.99831090744517914, 0.056895381319965521, -0.0091276539187672059,-0.007411720068788724, -0.63373442595332019, -0.69215382923706681, 3.2038694360149176],\n",
    "    [0.24080063741881738, 0.012590865818623089, 0.96043412153176055,0.13936578243652289,0.0061156485371171724, -1.02526647973362,5.0016120898418821]\n",
    "]\n",
    "\n",
    "for line in lines:\n",
    "    qMat = []\n",
    "    qTrans = []\n",
    "    for i in line[0:4]:\n",
    "        qMat.append(float(i))\n",
    "    for i in line[4:7]:\n",
    "        qTrans.append(float(i))\n",
    "\n",
    "    w2per = q2homoRot(qMat,qTrans)\n",
    "\n",
    "    print(\"w2per\",w2per)\n",
    "\n",
    "    #转置 计算成相机到世界的\n",
    "\n",
    "    testMat = torch.tensor(w2per)\n",
    "\n",
    "    tra = testMat[:3,:3]\n",
    "    pos = testMat[:3,3].reshape(3,1)\n",
    "\n",
    "    invMat = torch.transpose(tra,0,1)\n",
    "    #     print((-1*invMat).shape)\n",
    "    #     print((-1*invMat))\n",
    "\n",
    "    #     print(pos.shape)\n",
    "    #     print(pos)\n",
    "\n",
    "#     colmap给的xyz是经过 左乘-Rt  因此同时左乘-R\n",
    "    finalPos =torch.mm((-1*invMat),pos.to(torch.float64))\n",
    "    print(\"finalpos\",finalPos)\n",
    "    tem = torch.cat((invMat,finalPos),1)\n",
    "    finalMat = torch.cat((tem,torch.tensor([[0,0,0,1]])),0)\n",
    "\n",
    "    print(\"finalMat\")\n",
    "    print(finalMat)\n",
    "\n",
    "\n",
    "print(\"得出结论，旋转矩阵转置，pos左乘（-1*转置)\")"
   ]
  },
  {
   "cell_type": "code",
   "execution_count": 11,
   "id": "24fb486a",
   "metadata": {},
   "outputs": [
    {
     "ename": "NameError",
     "evalue": "name 'computeDis' is not defined",
     "output_type": "error",
     "traceback": [
      "\u001b[0;31m---------------------------------------------------------------------------\u001b[0m",
      "\u001b[0;31mNameError\u001b[0m                                 Traceback (most recent call last)",
      "\u001b[0;32m/tmp/ipykernel_1274764/2489140600.py\u001b[0m in \u001b[0;36m<module>\u001b[0;34m\u001b[0m\n\u001b[0;32m----> 1\u001b[0;31m \u001b[0mcomputeDis\u001b[0m\u001b[0;34m(\u001b[0m\u001b[0;34m[\u001b[0m\u001b[0;36m0.38664304350701489\u001b[0m\u001b[0;34m,\u001b[0m\u001b[0;34m-\u001b[0m\u001b[0;36m0.49918736954556303\u001b[0m\u001b[0;34m,\u001b[0m\u001b[0;36m3.3939974218075579\u001b[0m\u001b[0;34m]\u001b[0m\u001b[0;34m,\u001b[0m\u001b[0;34m[\u001b[0m\u001b[0;34m-\u001b[0m\u001b[0;36m0.17104078381996965\u001b[0m\u001b[0;34m,\u001b[0m\u001b[0;34m-\u001b[0m\u001b[0;36m0.64183031694857873\u001b[0m\u001b[0;34m,\u001b[0m\u001b[0;36m2.9903614494473065\u001b[0m\u001b[0;34m]\u001b[0m\u001b[0;34m)\u001b[0m\u001b[0;34m\u001b[0m\u001b[0m\n\u001b[0m\u001b[1;32m      2\u001b[0m \u001b[0;34m\u001b[0m\u001b[0m\n\u001b[1;32m      3\u001b[0m \u001b[0mcomputeDis\u001b[0m\u001b[0;34m(\u001b[0m\u001b[0;34m[\u001b[0m\u001b[0;34m-\u001b[0m\u001b[0;36m0.1743129619316871\u001b[0m\u001b[0;34m,\u001b[0m\u001b[0;36m0.014542232934796537\u001b[0m\u001b[0;34m,\u001b[0m \u001b[0;36m1.2715754766660312\u001b[0m\u001b[0;34m]\u001b[0m\u001b[0;34m,\u001b[0m\u001b[0;34m[\u001b[0m\u001b[0;34m-\u001b[0m\u001b[0;36m0.3007782532204113\u001b[0m\u001b[0;34m,\u001b[0m\u001b[0;34m-\u001b[0m\u001b[0;36m0.020116227133387555\u001b[0m\u001b[0;34m,\u001b[0m\u001b[0;36m1.121577082402207\u001b[0m\u001b[0;34m]\u001b[0m\u001b[0;34m)\u001b[0m\u001b[0;34m\u001b[0m\u001b[0m\n\u001b[1;32m      4\u001b[0m \u001b[0;34m\u001b[0m\u001b[0m\n\u001b[1;32m      5\u001b[0m \u001b[0mcomputeDis\u001b[0m\u001b[0;34m(\u001b[0m\u001b[0;34m[\u001b[0m\u001b[0;36m0.38664304\u001b[0m\u001b[0;34m,\u001b[0m\u001b[0;34m-\u001b[0m\u001b[0;36m0.49918737\u001b[0m\u001b[0;34m,\u001b[0m\u001b[0;36m3.39399742\u001b[0m\u001b[0;34m]\u001b[0m\u001b[0;34m,\u001b[0m\u001b[0;34m[\u001b[0m\u001b[0;34m-\u001b[0m\u001b[0;36m0.17104078\u001b[0m\u001b[0;34m,\u001b[0m\u001b[0;34m-\u001b[0m\u001b[0;36m0.64183032\u001b[0m\u001b[0;34m,\u001b[0m\u001b[0;36m2.99036145\u001b[0m\u001b[0;34m]\u001b[0m\u001b[0;34m)\u001b[0m\u001b[0;34m\u001b[0m\u001b[0m\n",
      "\u001b[0;31mNameError\u001b[0m: name 'computeDis' is not defined"
     ]
    }
   ],
   "source": [
    "computeDis([0.38664304350701489,-0.49918736954556303,3.3939974218075579],[-0.17104078381996965,-0.64183031694857873,2.9903614494473065])\n",
    "\n",
    "computeDis([-0.1743129619316871,0.014542232934796537, 1.2715754766660312],[-0.3007782532204113,-0.020116227133387555,1.121577082402207])\n",
    "\n",
    "computeDis([0.38664304,-0.49918737,3.39399742],[-0.17104078,-0.64183032,2.99036145])\n",
    "\n",
    "computeDis([ -0.481098268645079, -0.338649898002017,3.401728983139672],[-0.349786149450568,-0.222032068345897, 3.035097051842536])\n",
    "\n",
    "computeDis([0.230992660700394,0.250708325186286,-0.940099849156907],[0.037365917998272,0.274441563206177,-0.960877524223091])"
   ]
  },
  {
   "cell_type": "code",
   "execution_count": 49,
   "id": "fde18c03",
   "metadata": {},
   "outputs": [
    {
     "data": {
      "text/plain": [
       "[-3.776902245537,\n",
       " -0.461799733737,\n",
       " -4.702693142822,\n",
       " 4.987772425471,\n",
       " 0.483214295749,\n",
       " 4.49278507721]"
      ]
     },
     "execution_count": 49,
     "metadata": {},
     "output_type": "execute_result"
    }
   ],
   "source": [
    "\"\"\"\n",
    "计算bbox\n",
    "\"\"\"\n",
    "\n",
    "a = \"/home/vr717/Documents/qys/code/pointnerf/data_src/TanksAndTemple/Truck_oriImg_ownPose/pose\"\n",
    "\n",
    "def computeOriBbox():\n",
    "    # maxNum 是最大序号\n",
    "    \n",
    "    box = []\n",
    "    \n",
    "    file_name_list = os.listdir(a)\n",
    "    \n",
    "    xMin = 10000\n",
    "    xMax = -10000\n",
    "    yMin = 10000\n",
    "    yMax = -10000\n",
    "    zMin = 10000\n",
    "    zMax = -10000\n",
    "    \n",
    "    for i in file_name_list:\n",
    "        filePath = os.path.join(posePath,i)\n",
    "        \n",
    "        with open(filePath,'r') as fp:\n",
    "        \n",
    "            lines = fp.readlines()\n",
    "            linex = lines[0]\n",
    "            liney = lines[1]\n",
    "            linez = lines[2]\n",
    "            \n",
    "            xtem = float(linex.split(' ')[3].rstrip())\n",
    "            ytem = float(liney.split(' ')[3].rstrip())\n",
    "            ztem = float(linez.split(' ')[3].rstrip())\n",
    "            \n",
    "            xMin = min(xMin,xtem)\n",
    "            xMax = max(xMax,xtem)\n",
    "            \n",
    "            yMin = min(yMin,ytem)\n",
    "            yMax = max(yMax,ytem)\n",
    "            \n",
    "            zMin = min(zMin,ztem)\n",
    "            zMax = max(zMax,ztem)\n",
    "    box.append(xMin)\n",
    "    box.append(yMin)\n",
    "    box.append(zMin)\n",
    "    \n",
    "    box.append(xMax)\n",
    "    box.append(yMax)\n",
    "    box.append(zMax)\n",
    "    return box  \n",
    "\n",
    "computeOriBbox()"
   ]
  },
  {
   "cell_type": "code",
   "execution_count": null,
   "id": "f1cb885e",
   "metadata": {},
   "outputs": [],
   "source": [
    "\"\"\"\n",
    "处理训练集\n",
    "\"\"\""
   ]
  },
  {
   "cell_type": "code",
   "execution_count": 10,
   "id": "c174992c",
   "metadata": {},
   "outputs": [
    {
     "name": "stdout",
     "output_type": "stream",
     "text": [
      "FPS:29.00\n",
      "video total time:36.90s\n",
      "process frame:369\n",
      "Processing 0.jpg, remain frame: 368, remain time: 19.63s\n",
      "Processing 1.jpg, remain frame: 367, remain time: 7.97s\n",
      "Processing 2.jpg, remain frame: 366, remain time: 23.18s\n",
      "Processing 3.jpg, remain frame: 365, remain time: 7.95s\n",
      "Processing 4.jpg, remain frame: 364, remain time: 7.94s\n",
      "Processing 5.jpg, remain frame: 363, remain time: 7.96s\n",
      "Processing 6.jpg, remain frame: 362, remain time: 7.95s\n",
      "Processing 7.jpg, remain frame: 361, remain time: 8.04s\n",
      "Processing 8.jpg, remain frame: 360, remain time: 7.94s\n",
      "Processing 9.jpg, remain frame: 359, remain time: 22.28s\n",
      "Processing 10.jpg, remain frame: 358, remain time: 7.84s\n",
      "Processing 11.jpg, remain frame: 357, remain time: 7.80s\n",
      "Processing 12.jpg, remain frame: 356, remain time: 7.77s\n",
      "Processing 13.jpg, remain frame: 355, remain time: 7.75s\n",
      "Processing 14.jpg, remain frame: 354, remain time: 7.30s\n",
      "Processing 15.jpg, remain frame: 353, remain time: 7.51s\n",
      "Processing 16.jpg, remain frame: 352, remain time: 7.60s\n",
      "Processing 17.jpg, remain frame: 351, remain time: 7.68s\n",
      "Processing 18.jpg, remain frame: 350, remain time: 7.77s\n",
      "Processing 19.jpg, remain frame: 349, remain time: 7.71s\n",
      "Processing 20.jpg, remain frame: 348, remain time: 7.43s\n",
      "Processing 21.jpg, remain frame: 347, remain time: 7.36s\n",
      "Processing 22.jpg, remain frame: 346, remain time: 8.12s\n",
      "Processing 23.jpg, remain frame: 345, remain time: 7.57s\n",
      "Processing 24.jpg, remain frame: 344, remain time: 7.46s\n",
      "Processing 25.jpg, remain frame: 343, remain time: 6.99s\n",
      "Processing 26.jpg, remain frame: 342, remain time: 7.25s\n",
      "Processing 27.jpg, remain frame: 341, remain time: 7.31s\n",
      "Processing 28.jpg, remain frame: 340, remain time: 7.41s\n",
      "Processing 29.jpg, remain frame: 339, remain time: 7.44s\n",
      "Processing 30.jpg, remain frame: 338, remain time: 7.10s\n",
      "Processing 31.jpg, remain frame: 337, remain time: 7.24s\n",
      "Processing 32.jpg, remain frame: 336, remain time: 7.10s\n",
      "Processing 33.jpg, remain frame: 335, remain time: 8.43s\n",
      "Processing 34.jpg, remain frame: 334, remain time: 8.51s\n",
      "Processing 35.jpg, remain frame: 333, remain time: 7.54s\n",
      "Processing 36.jpg, remain frame: 332, remain time: 7.63s\n",
      "Processing 37.jpg, remain frame: 331, remain time: 7.68s\n",
      "Processing 38.jpg, remain frame: 330, remain time: 7.75s\n",
      "Processing 39.jpg, remain frame: 329, remain time: 7.61s\n",
      "Processing 40.jpg, remain frame: 328, remain time: 7.46s\n",
      "Processing 41.jpg, remain frame: 327, remain time: 7.58s\n",
      "Processing 42.jpg, remain frame: 326, remain time: 7.60s\n",
      "Processing 43.jpg, remain frame: 325, remain time: 7.41s\n",
      "Processing 44.jpg, remain frame: 324, remain time: 6.99s\n",
      "Processing 45.jpg, remain frame: 323, remain time: 7.04s\n",
      "Processing 46.jpg, remain frame: 322, remain time: 6.81s\n",
      "Processing 47.jpg, remain frame: 321, remain time: 6.86s\n",
      "Processing 48.jpg, remain frame: 320, remain time: 6.86s\n",
      "Processing 49.jpg, remain frame: 319, remain time: 6.84s\n",
      "Processing 50.jpg, remain frame: 318, remain time: 6.77s\n",
      "Processing 51.jpg, remain frame: 317, remain time: 6.81s\n",
      "Processing 52.jpg, remain frame: 316, remain time: 6.94s\n",
      "Processing 53.jpg, remain frame: 315, remain time: 6.98s\n",
      "Processing 54.jpg, remain frame: 314, remain time: 6.93s\n",
      "Processing 55.jpg, remain frame: 313, remain time: 6.87s\n",
      "Processing 56.jpg, remain frame: 312, remain time: 6.84s\n",
      "Processing 57.jpg, remain frame: 311, remain time: 6.79s\n",
      "Processing 58.jpg, remain frame: 310, remain time: 6.60s\n",
      "Processing 59.jpg, remain frame: 309, remain time: 6.67s\n",
      "Processing 60.jpg, remain frame: 308, remain time: 6.58s\n",
      "Processing 61.jpg, remain frame: 307, remain time: 6.59s\n",
      "Processing 62.jpg, remain frame: 306, remain time: 6.51s\n",
      "Processing 63.jpg, remain frame: 305, remain time: 6.66s\n",
      "Processing 64.jpg, remain frame: 304, remain time: 6.71s\n",
      "Processing 65.jpg, remain frame: 303, remain time: 6.58s\n",
      "Processing 66.jpg, remain frame: 302, remain time: 6.52s\n",
      "Processing 67.jpg, remain frame: 301, remain time: 6.37s\n",
